3,2
3,1
3,3
10,160
10,238
10,76
10,202
10,34
10,68
10,138
10,2
10,3
11,18
11,30
11,15
11,25
11,2
11,3
9,7
8,9
8,11
8,6
8,14
8,13
86,762
86,761
86,760
86,759
86,758
86,757
86,756
86,755
86,754
86,753
86,752
86,751
86,750
86,749
86,748
86,747
86,703
86,702
86,701
86,700
86,699
86,698
86,697
86,696
86,695
86,694
86,693
86,692
86,691
86,690
86,689
86,688
86,687
86,686
86,685
86,684
86,683
86,682
86,681
86,680
86,679
86,678
86,677
86,676
86,675
86,674
86,673
86,672
86,671
86,670
86,669
86,668
86,667
86,666
86,665
86,662
86,660
86,651
86,1
43,3
43,1
42,7
42,3
42,1
41,10
41,3
41,1
40,3
40,1
39,1111
19,2
39,3
19,1
19,3
39,1
38,9
38,3
38,1
37,21
37,3
37,1
36,3
36,1
35,3
35,1
20,3
20,2
20,1
12,3
12,2
12,1
11,29
11,28
11,17
